ModelForces
version=1
nRows=260
nColumns=3
inDegrees=no

This file contains the forces exerted on a model during a simulation.

A force is a generalized force, meaning that it can be either a force (N) or a torque (Nm).

Units are S.I. units (second, meters, Newtons, ...)
Angles are in degrees.

endheader
time	RightMuscle	LeftMuscle
      0.00000000	      0.00000000	      0.00000000
      0.00066976	      0.26822526	      0.01507436
      0.00133953	      4.07793903	      0.12845499
      0.00220930	     15.68400932	      0.57721607
      0.00331817	     34.00371270	      1.71839158
      0.00473053	     57.89932340	      3.70087534
      0.00652754	     87.28856827	      6.26939965
      0.00881795	    122.41943683	      9.15258210
      0.01175459	    160.10816269	     12.49873027
      0.01557197	    194.27809391	     16.77020694
      0.01938934	    214.64228719	     20.90380005
      0.02567812	    221.68039400	     27.72853602
      0.03196690	    205.62429727	     34.32432232
      0.03825567	    179.88205911	     41.90196525
      0.04384230	    155.45208589	     48.83055446
      0.04942893	    133.11047797	     54.95367739
      0.05649810	    110.77989336	     62.48746306
      0.06115916	     99.76945810	     67.12050659
      0.06582022	     91.25142111	     72.17864589
      0.07067831	     84.57681589	     77.93632190
      0.07553639	     79.79508681	     84.61345060
      0.08039448	     76.65126005	     92.46248261
      0.08525257	     74.98167995	    101.75100883
      0.09011065	     74.69360064	    112.55037458
      0.09496874	     75.74663109	    124.81072619
      0.09982683	     78.13197239	    138.22020096
      0.10178827	     79.46961373	    144.03411913
      0.10298883	     80.38379993	    147.69678077
      0.10418939	     81.36430938	    151.91554494
      0.10864283	     85.58648384	    173.44191285
      0.11309626	     90.92541252	    199.22375844
      0.11605431	     95.25748360	    217.62884116
      0.11901235	    100.30568509	    235.59533284
      0.12265623	    107.57249766	    256.90198967
      0.12630011	    115.99637938	    276.46317846
      0.13013357	    126.03783720	    295.28239564
      0.13396703	    137.17135703	    311.71934204
      0.13805913	    150.16718148	    326.33898203
      0.14215122	    164.34398542	    337.02369348
      0.14624332	    179.93107030	    342.49096457
      0.15033541	    197.42626202	    342.03340022
      0.15442751	    217.19226285	    337.08374326
      0.16006003	    246.45921562	    327.37138410
      0.16395850	    263.96542151	    321.30313784
      0.16726236	    270.91803801	    317.41980573
      0.17056621	    269.61209699	    314.54408041
      0.17387007	    264.50950699	    312.16882665
      0.17795866	    256.54428019	    309.22045946
      0.18204726	    247.82854254	    305.73150197
      0.18613585	    238.67055878	    301.41540636
      0.19108376	    227.18684420	    294.94235064
      0.19603166	    215.19783049	    287.10488045
      0.19926697	    207.07987732	    281.29221263
      0.20088015	    203.12473929	    278.20611280
      0.20283237	    198.53336168	    274.24719302
      0.20746179	    188.61811210	    263.53053492
      0.21209121	    179.74999016	    251.09599125
      0.21773116	    170.27168476	    234.64332841
      0.22337111	    161.72081742	    218.00643371
      0.22850909	    154.80081767	    203.48063429
      0.23469929	    147.21182574	    187.28990612
      0.24088948	    140.26772186	    172.82538886
      0.24647079	    134.61263137	    161.48083205
      0.25205209	    129.28916786	    151.88706978
      0.25733567	    124.73141160	    144.38179677
      0.26261926	    120.41830187	    138.20487116
      0.26818473	    116.32490949	    132.80426701
      0.27375020	    112.45361869	    128.09032841
      0.27960531	    108.85243050	    123.27839796
      0.28546042	    105.31300479	    118.15803551
      0.29131552	    102.24497735	    112.78451105
      0.29717063	     98.72201845	    108.30666397
      0.30049372	     96.73007695	    106.44725977
      0.30381681	     95.08177663	    104.84140230
      0.30477197	     94.82695479	    104.39043222
      0.30572713	     95.04920527	    103.93526580
      0.30852820	    102.25508914	    102.56280471
      0.31132926	    119.20848189	    101.21668757
      0.31622535	    162.83613085	     99.76047465
      0.32112145	    213.03165035	    101.03362194
      0.32389234	    243.21056879	    103.56066650
      0.32666323	    272.78997295	    107.64507558
      0.32943412	    301.11582818	    113.40619654
      0.33289213	    334.53578467	    123.01004355
      0.33635014	    365.43731212	    135.22639935
      0.33980815	    393.10583086	    149.85070404
      0.34326616	    416.13833308	    166.61895942
      0.34672417	    432.36353033	    185.41467285
      0.35018218	    439.63734486	    206.75070645
      0.35437286	    435.95343470	    237.25859980
      0.35856353	    422.05503423	    272.86851152
      0.36435870	    396.80538944	    323.91347570
      0.36661366	    388.11310481	    340.58768946
      0.36940999	    379.80754964	    352.11715800
      0.37220632	    374.66327525	    351.11310893
      0.37500266	    372.37534471	    343.64087033
      0.37855829	    372.45014198	    331.60069568
      0.38286790	    374.84532635	    316.54897906
      0.38806121	    377.82298535	    298.85110986
      0.39325451	    378.10989845	    281.56253504
      0.39844782	    374.12784400	    264.52992477
      0.40028473	    371.61273302	    258.55064271
      0.40212164	    368.51492719	    252.89881203
      0.40638700	    358.83626482	    241.10136656
      0.41065236	    345.76424485	    230.67770879
      0.41491772	    329.93310167	    221.38177781
      0.41918308	    312.32702821	    212.78199847
      0.42344844	    293.94379224	    204.34480670
      0.42771380	    275.51129611	    195.80225553
      0.43197916	    257.48099508	    187.54754916
      0.43863616	    231.22335432	    176.58259295
      0.44194146	    219.43036183	    173.02912677
      0.44524675	    208.60546832	    170.27393466
      0.44985844	    195.10675356	    166.56669838
      0.45551009	    180.88545820	    161.98282398
      0.45985209	    171.50862326	    158.74948346
      0.46419409	    163.38257942	    156.78904705
      0.46853609	    156.48059969	    156.30329493
      0.47287808	    150.81013701	    157.71080249
      0.47722008	    146.39126506	    161.25369679
      0.48112621	    143.52152338	    166.50566016
      0.48503234	    141.74732435	    173.51810728
      0.48893847	    141.12987670	    182.35855675
      0.49284460	    141.73219078	    192.81283468
      0.49675073	    143.61064526	    204.68700782
      0.49965824	    145.86072188	    214.35679616
      0.50116704	    147.31410231	    219.55103367
      0.50267584	    148.94190552	    224.91182079
      0.50464431	    151.28594351	    232.34270533
      0.50661279	    153.84027849	    241.47870687
      0.50907552	    157.31074139	    257.65300596
      0.51288262	    163.40111151	    289.71296490
      0.51668971	    170.55793248	    323.84215360
      0.51973823	    176.99068847	    351.46301805
      0.52278674	    183.82493786	    377.62900359
      0.52641074	    192.37529041	    406.63340946
      0.53003474	    201.70714097	    432.40354041
      0.53365873	    212.51981513	    454.18739512
      0.53728273	    225.75628683	    470.51383307
      0.54090673	    242.50811689	    479.10478579
      0.54453072	    263.75365572	    478.41545658
      0.54890491	    295.59792380	    467.60714688
      0.55428154	    339.79320883	    448.12496259
      0.55664534	    357.68628740	    440.22404056
      0.55950572	    372.24181104	    432.50669971
      0.56236611	    377.93786477	    426.94698937
      0.56522649	    379.52307479	    423.13427079
      0.56874235	    379.63250113	    420.05354131
      0.57225820	    378.61333226	    418.00145266
      0.57577405	    376.52662840	    416.43721554
      0.57928991	    373.17685878	    414.99778195
      0.58280576	    368.25713615	    413.41743364
      0.58632162	    361.34363763	    411.47040876
      0.58948552	    352.97697469	    409.21860254
      0.59264942	    342.47314468	    406.31019038
      0.59581332	    329.97408578	    402.55365942
      0.59897722	    315.95411308	    397.76404045
      0.60048584	    308.91381152	    395.06982180
      0.60199446	    302.01086594	    392.06857210
      0.60547923	    287.17780308	    383.69247610
      0.60896400	    273.80002037	    373.14636942
      0.61244877	    261.85385738	    360.61363282
      0.61593354	    251.13012601	    346.52563302
      0.62025505	    239.32915504	    327.70897130
      0.62457656	    228.67798706	    308.38335603
      0.62889807	    219.11308646	    289.48689881
      0.63321958	    210.37959413	    271.75040971
      0.63754109	    202.36573475	    255.66234655
      0.64273243	    193.62132697	    238.83904358
      0.64792376	    185.50328330	    224.73103713
      0.65309869	    178.23359064	    213.05417217
      0.65827361	    171.48903578	    203.25905892
      0.66378221	    165.04828055	    194.19558743
      0.66929081	    159.01986459	    185.59240505
      0.67451677	    153.90454802	    177.16636162
      0.67974274	    148.88422312	    168.61509934
      0.68373262	    145.08632925	    162.83726039
      0.68874002	    139.88634040	    156.66444554
      0.69374741	    134.24878588	    151.14694343
      0.69783187	    130.87114064	    146.54828202
      0.70191633	    130.05209364	    141.73257948
      0.70600079	    130.10258134	    136.93350848
      0.71092983	    129.85111711	    131.48767291
      0.71588807	    129.69831598	    126.62330171
      0.72084631	    130.68630410	    122.49954962
      0.72521806	    133.17228724	    119.54795784
      0.72914606	    136.96825100	    117.50590188
      0.73307406	    142.48400471	    116.11900412
      0.73700206	    149.92408132	    115.48514066
      0.74093006	    159.29092482	    115.71971448
      0.74485806	    170.46317160	    116.94817167
      0.74878606	    183.22824034	    119.29408267
      0.75271406	    197.36714741	    122.86637857
      0.75664206	    212.59140300	    127.74483702
      0.76152584	    232.36356414	    135.67049244
      0.76518377	    247.84931453	    142.88774293
      0.76829753	    260.46013896	    149.73672700
      0.77141129	    273.41439443	    156.95158210
      0.77458903	    285.85882219	    164.17398304
      0.77776676	    298.34162237	    170.64751935
      0.78094450	    309.55554812	    176.06137583
      0.78412223	    320.95321455	    180.50420892
      0.78662413	    328.41200941	    183.50639555
      0.78912603	    335.82432291	    186.27369704
      0.79297096	    345.29805567	    190.49568244
      0.79549111	    351.14716098	    193.51894638
      0.79801127	    355.62235368	    196.94580195
      0.80146649	    360.69699950	    202.59997550
      0.80475797	    363.61526830	    209.34234389
      0.80804945	    365.66476076	    217.74135918
      0.81134093	    365.45275178	    228.07112806
      0.81463241	    364.41036679	    240.50176085
      0.81792389	    361.85085625	    254.96417011
      0.82544066	    353.38191655	    293.08411446
      0.82843279	    349.94482868	    308.66870758
      0.83222023	    345.16425186	    327.26594475
      0.83777339	    338.97064863	    349.89159922
      0.84085433	    335.51427073	    359.33061723
      0.84393527	    332.82532781	    366.58718773
      0.84940950	    328.96420779	    374.75888598
      0.85348799	    327.39353759	    377.37048106
      0.85756648	    326.19486243	    377.24868943
      0.86164498	    326.30934519	    374.62127051
      0.86572347	    326.50539900	    369.82146113
      0.86980196	    327.86145007	    363.35792022
      0.87388045	    328.85658818	    355.84735792
      0.87737421	    330.55914558	    349.10412104
      0.88086796	    331.81095918	    342.49871787
      0.88506055	    333.73322679	    335.24592747
      0.88868497	    334.81521713	    329.88990259
      0.89230939	    336.29981300	    325.58947817
      0.89593381	    337.05796967	    322.43329888
      0.89955823	    338.06267082	    320.43956556
      0.90318265	    338.39420928	    319.54569575
      0.90680707	    338.84757943	    319.64576347
      0.91043149	    338.77542069	    320.58622338
      0.91500476	    338.83486573	    322.70667953
      0.91838276	    338.22828595	    324.73530697
      0.92176077	    337.96875033	    326.99590914
      0.92609459	    337.17199096	    330.00735744
      0.92990879	    336.85664257	    332.57695422
      0.93372298	    335.95270983	    334.91366972
      0.93753717	    335.78212322	    336.91722883
      0.94135136	    334.84470534	    338.50633517
      0.94465648	    334.85323208	    339.52828219
      0.94796160	    334.39658911	    340.20831134
      0.95209565	    334.30871670	    340.60482945
      0.95622971	    333.82363543	    340.54154139
      0.95950994	    334.11931977	    340.22018703
      0.96279016	    333.97959518	    339.70129721
      0.96699726	    334.23727217	    338.83075031
      0.97120435	    333.99059458	    337.81865691
      0.97429605	    334.49075781	    337.04712521
      0.97738774	    334.52100339	    336.28442125
      0.98184250	    334.85840218	    335.26616448
      0.98561353	    334.81351386	    334.51993256
      0.98938457	    335.24030877	    333.91468820
      0.99315560	    335.01704171	    333.45923806
      0.99692664	    335.56352855	    333.16596103
      1.00000000	    335.28223263	    333.03526758
